Date,Open,High,Low,Close,Volume,Adj Close
2014-01-02,15.92,15.98,15.72,15.86,6502300,15.44989
2014-01-03,15.89,15.92,15.62,15.67,6483300,15.2648
2014-01-06,15.83,16.00,15.68,15.88,10237300,15.46937
2014-01-07,16.04,16.20,15.93,16.14,8332200,15.72265
2014-01-08,16.20,16.44,16.14,16.36,7704800,15.93696
2014-01-09,16.11,16.14,15.70,15.75,7304300,15.34273
2014-01-10,15.80,15.91,15.59,15.73,5462300,15.32325
2014-01-13,15.73,15.83,15.33,15.36,6083300,14.96282
2014-01-14,15.44,15.87,15.37,15.84,6045700,15.4304
2014-01-15,15.91,16.07,15.84,16.01,4376100,15.59601
2014-01-16,16.01,16.09,15.94,16.06,5516300,15.64472
2014-01-17,16.06,16.25,15.89,15.99,8510000,15.57653
2014-01-21,16.01,16.15,15.88,16.05,6151900,15.63497
2014-01-22,16.08,16.10,15.84,16.03,8448500,15.61549
2014-01-23,15.98,16.15,15.85,15.97,4625700,15.55704
2014-01-24,15.84,15.90,15.56,15.56,6167400,15.15765
2014-01-27,15.56,15.78,15.37,15.46,5845300,15.06023
2014-01-28,15.43,15.62,15.37,15.61,4199900,15.20635
2014-01-29,15.55,15.64,15.45,15.46,4073600,15.06023
2014-01-30,15.55,15.75,15.50,15.72,5072400,15.31351
2014-01-31,15.50,15.79,15.49,15.70,8383700,15.29402
2014-02-03,15.81,15.83,15.43,15.49,10793200,15.08945
2014-02-04,15.48,15.61,15.40,15.58,7017300,15.17713
2014-02-05,15.47,15.52,15.32,15.44,5366900,15.04075
2014-02-06,15.46,15.68,15.44,15.64,4209500,15.23558
2014-02-07,15.68,15.89,15.54,15.87,3931200,15.45963
2014-02-10,15.85,16.13,15.84,15.92,8109300,15.50834
2014-02-11,16.01,16.29,15.93,16.25,5884600,15.8298
2014-02-12,16.30,16.95,16.30,16.83,18613200,16.39481
2014-02-13,17.25,17.46,16.95,17.36,22570900,16.9111
2014-02-14,17.20,17.95,17.19,17.91,20438400,17.44688
2014-02-18,17.92,17.98,17.75,17.90,10724700,17.43714
2014-02-19,17.90,18.30,17.82,18.14,11258500,17.67093
2014-02-20,18.18,18.82,18.15,18.78,9952200,18.29438
2014-02-21,18.75,18.99,18.52,18.64,11276300,18.158
2014-02-24,18.60,19.05,18.43,18.91,10077800,18.42102
2014-02-25,18.80,18.88,18.54,18.74,6054600,18.33784
2014-02-26,18.70,18.98,18.65,18.71,9022100,18.30849
2014-02-27,18.71,18.90,18.45,18.50,9721200,18.10299
2014-02-28,18.40,18.58,18.11,18.38,8042300,17.98557
2014-03-03,17.97,18.29,17.81,18.29,9398700,17.8975
2014-03-04,18.38,18.60,18.35,18.48,6508600,18.08342
2014-03-05,18.46,18.65,18.38,18.64,6036800,18.23999
2014-03-06,18.67,18.77,18.35,18.38,7253600,17.98557
2014-03-07,18.46,18.49,18.22,18.36,6711300,17.966
2014-03-10,18.30,18.38,18.01,18.09,7522200,17.70179
2014-03-11,18.18,18.43,18.12,18.27,7430500,17.87793
2014-03-12,18.18,18.43,18.11,18.32,5985700,17.92686
2014-03-13,18.36,18.43,17.65,17.74,9629300,17.3593
2014-03-14,17.56,17.98,17.56,17.82,11501200,17.43759
2014-03-17,17.87,18.00,17.80,17.82,7491400,17.43759
2014-03-18,17.89,18.36,17.81,18.24,7347600,17.84857
2014-03-19,18.38,18.91,18.33,18.56,9154200,18.16171
2014-03-20,18.46,18.73,18.38,18.57,4795000,18.17149
2014-03-21,18.73,18.88,18.44,18.54,14152900,18.14214
2014-03-24,18.55,18.70,18.18,18.45,7652400,18.05407
2014-03-25,18.65,18.67,18.31,18.45,7610600,18.05407
2014-03-26,18.62,18.97,17.87,18.03,13943900,17.64308
2014-03-27,17.99,18.14,17.59,17.79,13518200,17.40823
2014-03-28,17.76,18.01,17.71,17.90,9970500,17.51587
2014-03-31,17.93,18.09,17.81,17.91,6835100,17.52566
2014-04-01,18.48,18.87,18.26,18.65,16406800,18.24978
2014-04-02,18.65,18.69,18.45,18.53,5998700,18.13235
2014-04-03,18.57,19.18,18.56,18.73,14988700,18.32806
2014-04-04,18.83,18.94,18.07,18.15,9200800,17.76051
2014-04-07,18.16,18.56,18.06,18.21,10714400,17.81922
2014-04-08,18.21,18.91,18.18,18.86,11767300,18.45527
2014-04-09,18.95,19.11,18.69,18.84,10549200,18.4357
2014-04-10,18.76,19.02,18.32,18.38,9318700,17.98557
2014-04-11,18.24,18.52,17.88,18.12,8827800,17.73115
2014-04-14,18.24,18.39,18.12,18.32,7254600,17.92686
2014-04-15,18.34,18.55,18.16,18.45,7615900,18.05407
2014-04-16,18.54,18.56,18.26,18.49,5878400,18.09321
2014-04-17,18.42,18.73,18.38,18.56,3838300,18.16171
2014-04-21,18.57,18.76,18.45,18.71,2925100,18.30849
2014-04-22,18.74,18.99,18.64,18.87,6378000,18.46506
2014-04-23,18.90,19.14,18.87,19.09,6539500,18.68033
2014-04-24,19.22,19.46,19.22,19.26,9787300,18.84669
2014-04-25,19.22,19.40,18.69,18.73,7840000,18.32806
2014-04-28,18.88,18.98,18.42,18.65,5669700,18.24978
2014-04-29,18.72,18.76,18.48,18.69,4282500,18.28892
2014-04-30,18.66,18.68,18.43,18.47,7643500,18.07364
2014-05-01,18.75,18.79,18.42,18.57,4952600,18.17149
2014-05-02,18.66,18.66,18.32,18.43,3909400,18.0345
2014-05-05,18.41,18.77,18.39,18.63,5981500,18.2302
2014-05-06,18.81,18.97,18.20,18.25,10404700,17.85836
2014-05-07,18.25,18.42,18.07,18.27,7347500,17.87793
2014-05-08,18.20,18.79,18.11,18.50,10818200,18.10299
2014-05-09,17.94,18.11,17.71,18.05,13488300,17.66265
2014-05-12,18.09,18.62,18.08,18.58,7496400,18.18128
2014-05-13,18.33,18.63,18.22,18.28,5527600,17.88772
2014-05-14,18.29,18.36,18.09,18.10,5358000,17.71158
2014-05-15,18.06,18.16,17.82,18.00,8147400,17.61372
2014-05-16,17.86,18.09,17.86,17.96,7099000,17.57458
2014-05-19,18.15,18.64,18.07,18.54,9001900,18.14214
2014-05-20,18.46,18.51,18.15,18.24,6405000,17.93078
2014-05-21,18.31,18.47,18.13,18.24,5417800,17.93078
2014-05-22,18.20,18.42,18.20,18.32,3259100,18.00942
2014-05-23,18.42,18.58,18.31,18.49,4566400,18.17654
2014-05-27,18.60,18.82,18.54,18.82,5242000,18.50095
2014-05-28,18.89,19.10,18.71,18.98,5616900,18.65824
2014-05-29,18.97,19.13,18.91,18.95,4297100,18.62874
2014-05-30,18.95,19.05,18.85,19.00,5978200,18.6779
2014-06-02,19.06,19.18,18.78,18.94,4537500,18.61891
2014-06-03,18.98,19.00,18.61,18.86,6080300,18.54027
2014-06-04,18.81,19.02,18.80,18.88,4030900,18.55993
2014-06-05,18.91,19.02,18.80,18.96,4717400,18.63857
2014-06-06,19.05,19.20,18.98,19.03,4026300,18.70739
2014-06-09,19.01,19.23,18.88,19.05,6186400,18.72705
2014-06-10,18.98,19.24,18.90,19.15,5440200,18.82535
2014-06-11,19.08,19.45,19.08,19.40,6655700,19.07112
2014-06-12,19.40,19.61,19.23,19.52,8428700,19.18908
2014-06-13,19.72,19.73,19.35,19.54,5696300,19.20874
2014-06-16,19.45,19.61,19.31,19.48,4965500,19.14976
2014-06-17,19.50,19.69,19.40,19.61,3940200,19.27756
2014-06-18,19.56,19.68,19.38,19.59,5388400,19.25789
2014-06-19,19.23,19.33,19.00,19.14,11864800,18.81552
2014-06-20,19.19,19.26,18.78,18.93,8828700,18.60908
2014-06-23,18.68,18.72,18.46,18.71,10355000,18.39281
2014-06-24,18.68,18.83,18.34,18.42,6894500,18.10773
2014-06-25,18.47,18.62,18.30,18.61,5385500,18.29451
2014-06-26,18.61,18.62,18.30,18.36,6422700,18.04875
2014-06-27,18.34,18.49,18.23,18.38,7570500,18.06841
2014-06-30,18.31,18.59,18.31,18.54,4512800,18.2257
2014-07-01,18.52,18.86,18.46,18.75,8029500,18.43213
2014-07-02,18.68,18.76,18.57,18.68,4482100,18.36332
2014-07-03,18.51,18.90,18.51,18.85,3422300,18.53044
2014-07-07,18.88,18.89,18.67,18.70,3187400,18.38298
2014-07-08,18.65,18.73,18.37,18.55,5548500,18.23552
2014-07-09,18.71,19.19,18.57,19.11,9691700,18.78603
2014-07-10,18.75,19.09,18.60,19.01,6657700,18.68773
2014-07-11,19.03,19.11,18.96,19.05,4779700,18.72705
2014-07-14,19.13,19.34,19.06,19.29,6815900,18.96298
2014-07-15,19.32,19.42,19.19,19.37,9886000,19.04162
2014-07-16,19.45,19.60,19.24,19.35,7993200,19.02196
2014-07-17,19.13,19.50,19.13,19.30,8120800,18.97281
2014-07-18,18.90,19.05,18.41,18.44,14195400,18.12739
2014-07-21,18.37,18.68,18.37,18.55,6084100,18.23552
2014-07-22,18.69,18.79,18.43,18.47,7470400,18.15688
2014-07-23,18.48,18.49,18.06,18.08,7433800,17.77349
2014-07-24,18.18,18.23,17.98,18.11,6364400,17.80299
2014-07-25,18.05,18.09,17.76,17.79,6653300,17.48841
2014-07-28,17.87,17.87,17.42,17.72,8258800,17.4196
2014-07-29,17.73,18.02,17.72,17.78,5449300,17.47858
2014-07-30,17.89,18.13,17.84,18.08,6154600,17.77349
2014-07-31,17.86,18.00,17.47,17.50,10047000,17.20333
2014-08-01,17.50,17.79,17.44,17.69,5497100,17.39011
2014-08-04,17.67,17.82,17.56,17.65,6043100,17.35078
2014-08-05,17.60,17.92,17.45,17.66,7453400,17.36061
2014-08-06,17.54,17.86,17.41,17.64,5586400,17.34095
2014-08-07,17.79,17.95,17.34,17.46,10192400,17.164
2014-08-08,18.22,19.10,18.22,19.00,22358700,18.6779
2014-08-11,19.02,19.10,18.85,18.90,8615600,18.57959
2014-08-12,18.89,19.00,18.69,18.90,7403800,18.57959
2014-08-13,18.93,19.17,18.81,19.01,6414900,18.68773
2014-08-14,19.08,19.08,18.72,18.80,6399800,18.48129
2014-08-15,18.86,19.15,18.68,19.04,9244900,18.71722
2014-08-18,19.12,19.32,18.93,19.30,7101900,18.97281
2014-08-19,19.22,19.47,19.15,19.37,6206500,19.12586
2014-08-20,19.30,19.39,19.20,19.25,5536700,19.00737
2014-08-21,19.20,19.30,19.04,19.07,6819900,18.82964
2014-08-22,19.05,19.24,18.93,19.08,6280600,18.83951
2014-08-25,19.16,19.29,19.07,19.11,3834500,18.86913
2014-08-26,19.16,19.49,19.09,19.45,6740900,19.20485
2014-08-27,19.33,19.48,19.20,19.23,4574300,18.98762
2014-08-28,19.19,19.43,19.13,19.39,4492600,19.1456
2014-08-29,19.46,19.49,19.25,19.45,5198300,19.20485
2014-09-02,19.50,19.50,19.32,19.50,4815900,19.25422
2014-09-03,19.60,19.75,19.47,19.68,6486400,19.43195
2014-09-04,19.65,20.15,19.64,20.03,12295800,19.77754
2014-09-05,20.01,20.10,19.84,19.97,6344800,19.71829
2014-09-08,19.95,19.99,19.71,19.79,7982200,19.54056
2014-09-09,19.70,19.83,19.52,19.54,4964700,19.29372
2014-09-10,19.65,19.68,19.43,19.61,4309400,19.36283
2014-09-11,19.47,19.54,19.20,19.41,6268000,19.16535
2014-09-12,19.53,19.53,19.10,19.12,6563400,18.87901
2014-09-15,19.18,19.21,18.78,18.86,7353800,18.62229
2014-09-16,18.81,19.24,18.75,19.14,5498400,18.89876
2014-09-17,19.09,19.33,19.00,19.15,4339600,18.90863
2014-09-18,19.27,19.46,19.21,19.44,5490100,19.19498
2014-09-19,19.50,19.52,19.05,19.08,15032900,18.83951
2014-09-22,19.47,19.47,18.87,18.89,5536600,18.65191
2014-09-23,18.79,19.02,18.72,18.81,4903600,18.57291
2014-09-24,18.80,18.98,18.78,18.92,3989800,18.68153
2014-09-25,18.90,18.95,18.47,18.51,7461000,18.2767
2014-09-26,18.57,18.69,18.49,18.55,6029700,18.31619
2014-09-29,18.40,18.65,18.22,18.52,5213500,18.28657
2014-09-30,18.44,18.58,18.23,18.45,6930100,18.21745
2014-10-01,18.48,18.61,18.22,18.27,8774400,18.03972
2014-10-02,18.24,18.33,17.77,18.19,7224900,17.96073
2014-10-03,18.30,18.55,18.23,18.23,5978500,18.00023
2014-10-06,18.30,18.45,18.00,18.12,4975800,17.89161
2014-10-07,18.04,18.22,17.91,17.93,7547400,17.70401
2014-10-08,17.91,18.35,17.77,18.26,6504300,18.02985
2014-10-09,18.18,18.20,17.76,17.91,7673900,17.68426
2014-10-10,17.77,17.83,16.84,16.85,17284400,16.63762
2014-10-13,16.96,17.30,16.77,16.79,9940700,16.57838
2014-10-14,17.02,17.65,16.92,17.18,9415500,16.96346
2014-10-15,16.93,17.53,16.82,17.44,10110700,17.22018
2014-10-16,17.13,17.65,17.09,17.45,8777900,17.23006
2014-10-17,17.66,17.86,17.35,17.42,7267900,17.20044
2014-10-20,17.42,17.73,17.30,17.57,5008400,17.34854
2014-10-21,17.70,18.34,17.65,18.32,8777300,18.08909
2014-10-22,18.29,18.35,17.89,17.89,5987800,17.66451
2014-10-23,18.20,18.42,18.07,18.29,5361900,18.05947
2014-10-24,18.40,18.59,18.29,18.48,5253900,18.24707
2014-10-27,18.47,18.56,18.27,18.49,3627300,18.25695
2014-10-28,18.44,18.95,18.42,18.93,4814500,18.6914
2014-10-29,18.85,18.96,18.64,18.81,4208500,18.57291
2014-10-30,18.76,18.84,18.45,18.69,4256500,18.45443
2014-10-31,19.12,19.55,19.02,19.54,6407900,19.29372
2014-11-03,19.99,20.06,19.77,19.87,7718300,19.61956
2014-11-04,20.00,20.20,19.67,20.13,9004900,19.87628
2014-11-05,20.25,20.26,19.98,20.13,8391300,19.87628
2014-11-06,20.17,20.25,19.86,20.22,9852200,19.96514
2014-11-07,20.45,20.69,19.59,19.79,11270000,19.54056
2014-11-10,19.77,20.15,19.72,20.02,7334700,19.76766
2014-11-11,19.90,20.01,19.61,19.78,5324800,19.53069
2014-11-12,19.71,19.76,19.38,19.65,5114600,19.40233
2014-11-13,19.72,19.75,19.39,19.55,5632400,19.30359
2014-11-14,19.57,19.79,19.38,19.79,4006000,19.54056
2014-11-17,19.70,19.91,19.57,19.70,3968300,19.4517
2014-11-18,19.71,20.22,19.66,20.17,5194300,19.91577
2014-11-19,20.10,20.16,19.80,20.01,6007400,19.84141
2014-11-20,19.87,20.36,19.81,20.34,5524200,20.16863
2014-11-21,20.52,20.55,20.28,20.45,4974400,20.2777
2014-11-24,20.50,20.67,20.42,20.58,3400100,20.4066
2014-11-25,20.54,20.72,20.50,20.57,4756000,20.39669
2014-11-26,20.45,20.94,20.44,20.92,5481600,20.74374
2014-11-28,20.99,21.09,20.80,20.97,3120800,20.79332
2014-12-01,20.88,21.00,20.55,20.58,4751500,20.4066
2014-12-02,20.56,20.70,20.37,20.61,6126600,20.43635
2014-12-03,20.71,21.15,20.65,21.14,7110600,20.96188
2014-12-04,21.11,21.19,20.81,20.95,4633300,20.77349
2014-12-05,20.96,21.18,20.95,21.07,4142000,20.89247
2014-12-08,21.04,21.25,20.63,20.80,5673600,20.62475
2014-12-09,20.67,20.78,20.36,20.73,5986200,20.55534
2014-12-10,20.67,20.75,20.25,20.27,5109100,20.09922
2014-12-11,20.39,20.53,20.22,20.26,3391300,20.0893
2014-12-12,19.99,20.17,19.61,19.63,8099100,19.46461
2014-12-15,19.86,20.22,19.51,19.57,6367400,19.40511
2014-12-16,19.55,19.86,19.34,19.35,4632700,19.18697
2014-12-17,19.74,20.17,19.10,20.14,8639900,19.97031
2014-12-18,20.39,20.63,20.03,20.22,5653900,20.04964
2014-12-19,20.36,20.50,20.17,20.42,8138200,20.24795
2014-12-22,20.40,20.78,20.33,20.78,3724400,20.60492
2014-12-23,20.94,21.04,20.63,20.65,2732000,20.47601
2014-12-24,20.70,20.73,20.55,20.57,1141100,20.39669
2014-12-26,20.57,20.70,20.52,20.59,1315900,20.41652
2014-12-29,20.53,20.70,20.43,20.56,2073600,20.38677
2014-12-30,20.42,20.52,20.34,20.37,2803000,20.19837
2014-12-31,20.40,20.51,19.99,20.05,4157500,19.88107
